0.0000 2793.1721 2096.9626 1655.2755 2250.9180 2118.3401 1514.5273 685.1234 2586.1262 2735.5813 589.8966 2971.0771 365.2629 2002.7643 1022.7825 1432.6440 635.6493 2103.7158 2630.0696 2439.5518 2938.5005 1326.7019 854.2798 406.9754 2415.1226 2869.2405 350.4069 3096.3853 1783.0549 2740.5010 1831.6075 560.5087 2057.0876 360.0056 2459.6392 1681.0497 2535.0017 521.0701 1182.6888 2093.7717 659.7575 1005.3378 1499.8817 1796.0804 2035.2661 874.9823 2858.4473 2949.6619 979.6816 93.3488 2608.8098 662.7006 2078.8459 1301.3934 2691.0020 3156.4126 1882.6392 1578.6466 1948.0454 1979.2031 1258.3422 2361.1907 1298.2588 1708.9263 1797.8112 607.6454 1661.3768 2010.5355 1059.7452 974.4835 1456.7827 1791.1005 1040.5354 1260.0571 1695.9912 1452.1490 1459.5359 1761.2135 438.0011 1525.0154 371.5172 2311.2288 2109.9023 709.9310 1917.9773 1655.4504 2872.2161 403.3175 779.6371 653.6941 1296.8566 2777.7778 1723.0940 509.3457 3179.2429 1638.8411 778.8074 970.7863 1877.1641 2718.8030 
2793.1721 0.0000 992.5049 1157.3076 725.4033 1114.0345 3132.0220 2870.7239 955.5904 1100.6384 3275.0139 1787.5016 2456.2454 2058.9661 1921.1315 1673.6681 3405.5073 1322.8824 195.2742 1196.7360 1395.1864 3844.0750 3234.6184 2397.8076 1224.2242 836.9092 2459.2815 1721.7389 3936.8384 206.5260 2444.4026 3337.7478 2143.4067 2818.2551 402.8511 3583.4065 260.2307 2910.0632 1641.2206 1096.4497 2150.5930 3446.9595 1371.8721 1012.4747 2301.6919 2682.3252 1560.4515 202.2993 3745.6025 2861.6108 188.0984 2785.0620 780.5652 1629.9623 773.0524 1397.0057 2662.6453 3860.3892 1223.2028 821.1121 2926.3057 436.2855 1718.2113 1345.4951 2064.3113 2892.2456 3475.2043 2078.9375 2158.1218 3695.2473 1344.4561 2764.9783 1766.9001 3087.8320 3469.7649 2534.1548 1479.6395 2365.0127 2381.6350 2425.9814 2770.8779 1593.1051 1065.2258 2151.6328 1364.6586 1834.8651 826.6589 2390.0471 3471.4199 3408.6023 1626.0753 387.8660 1070.0790 3301.7004 1305.7120 1784.8390 3564.8755 3750.8149 2415.0415 101.9804 
2096.9626 992.5049 0.0000 571.6861 267.7387 155.5410 2156.3760 2003.5474 505.9694 688.0443 2479.9924 1205.8424 1823.1909 1085.2599 1096.8646 748.1824 2647.7314 370.7937 798.3145 479.1294 971.5189 2960.0896 2359.5767 1691.2886 478.2353 772.2959 1746.5603 1243.2960 2982.6533 1083.2511 1453.6113 2657.2500 1175.2386 2024.4308 930.4219 2613.9204 780.3858 2080.0793 933.3129 120.8139 1441.3729 2567.6082 609.5843 513.4715 1326.8579 1777.1016 1000.2505 1052.4167 2970.0134 2144.7429 879.7937 1921.3495 339.6999 800.3505 594.8311 1141.1332 1671.8044 2927.3567 232.0453 516.2567 1968.3762 653.7010 838.6895 412.1468 1073.4380 2042.1295 2501.7300 1105.9100 1250.0912 2890.9463 746.7503 1772.4742 1083.0707 2135.8025 2493.2971 1552.1034 638.9781 1372.8630 1757.4211 1438.9232 1974.8481 720.1180 95.3520 1391.4862 372.3614 845.2455 775.2657 1719.1047 2665.1682 2639.2195 803.1967 775.5785 668.6442 2580.6382 1131.8242 797.8195 2870.1675 2990.4089 1426.2485 980.1520 
1655.2755 1157.3076 571.6861 0.0000 622.7913 682.0689 2091.3445 1723.1300 1064.9178 1255.8503 2118.4138 1754.4518 1339.5895 1343.8579 775.6526 642.6523 2254.5769 822.8688 982.4261 1042.3531 1543.0049 2696.2317 2086.8821 1252.3905 1035.8542 1287.6125 1312.8778 1807.0972 2840.3726 1144.1626 1589.4153 2210.1929 1440.5836 1661.1035 886.0530 2518.0876 897.1494 1754.1166 484.3842 642.2935 1001.1998 2299.4209 251.8293 144.8378 1557.7281 1556.7546 1560.3545 1299.7792 2592.3628 1717.8175 981.5101 1637.1222 427.8329 507.0069 1104.6307 1709.8684 1793.0938 2741.0220 585.3290 337.4404 1852.8248 721.0687 623.3498 453.4424 1243.7781 1739.7408 2421.0757 1364.3137 1052.5460 2538.5044 202.3388 1848.2640 616.2930 2001.0940 2423.6841 1538.0833 394.1675 1492.8857 1267.9093 1461.0013 1613.6233 1182.8376 637.9318 994.6703 686.9119 953.7321 1287.6809 1256.2308 2314.3674 2255.4922 499.2995 1125.9471 178.1011 2159.6523 1693.6295 893.5665 2433.2932 2600.5002 1582.7318 1095.2959 
2250.9180 725.4033 267.7387 622.7913 0.0000 401.9266 2414.6978 2218.6125 504.4571 707.0453 2671.2039 1328.7001 1951.7656 1348.2482 1286.2239 978.3583 2826.8855 619.8871 530.8352 612.0073 1025.1542 3184.3333 2579.0002 1844.1521 625.7196 671.4172 1902.4271 1331.4823 3232.7834 818.0740 1721.3164 2810.3513 1436.6050 2212.4783 686.1348 2869.8933 515.2184 2281.7017 1068.6464 377.9735 1591.1882 2789.2437 753.2762 509.2239 1590.5533 2005.8519 1106.3295 795.6161 3156.6780 2306.3481 614.0660 2134.6897 217.8623 985.2457 490.4080 1148.5229 1939.5200 3169.4128 497.8002 411.4183 2218.9575 403.7140 1047.9408 640.5193 1341.1312 2250.9919 2759.3088 1368.7166 1477.0796 3087.1182 823.0771 2039.7855 1213.9695 2384.1963 2752.1531 1813.0166 823.7870 1640.5380 1881.8611 1702.3701 2163.3337 940.4691 347.3327 1559.9417 640.0695 1110.0000 670.4006 1859.5175 2861.1470 2822.3147 985.0325 543.3986 648.7349 2746.8975 1111.8318 1060.8676 3029.2708 3172.0256 1693.6626 712.7650 
2118.3401 1114.0345 155.5410 682.0689 401.9266 0.0000 2069.0337 1973.6852 469.5913 622.5962 2469.9685 1074.3394 1864.0649 947.7764 1101.6410 719.8138 2647.0823 219.1461 922.8721 363.7609 875.4164 2917.0083 2323.4958 1716.6385 354.4573 771.0045 1769.2037 1125.8215 2907.4128 1219.1185 1332.6309 2676.4187 1035.1932 2019.5012 1079.8241 2529.8809 916.6008 2062.7654 983.7612 40.8044 1471.7380 2528.4377 668.4310 645.8266 1190.4138 1733.8861 878.4190 1154.3345 2962.0933 2160.1836 1014.9325 1893.7330 495.1818 817.6368 608.3625 1064.8868 1550.6776 2863.4839 172.9855 668.0479 1895.1902 800.2962 831.3056 409.4142 953.4202 2018.1913 2414.9836 968.0961 1214.0498 2875.1169 837.6354 1659.0582 1132.5869 2065.3167 2404.0918 1461.4712 664.1160 1256.4180 1801.5504 1342.3386 1969.8695 564.7380 60.2080 1408.5840 270.0852 749.6326 776.1701 1752.9684 2650.2627 2635.3879 823.0298 858.6530 799.4961 2590.3738 1070.5443 708.7969 2884.1738 2986.5923 1301.7012 1110.5210 
1514.5273 3132.0220 2156.3760 2091.3445 2414.6978 2069.0337 0.0000 829.8247 2461.0405 2508.3848 1255.0797 2364.9019 1671.1200 1305.1177 1382.9277 1472.1766 1479.8828 1908.5819 2937.1016 2205.2722 2546.0955 1138.2798 833.0720 1465.6343 2170.2026 2777.7437 1442.3071 2538.4993 863.1953 3181.6113 878.7861 1761.3702 1281.6244 1154.8875 2955.3179 463.1857 2892.4365 1004.8408 1718.3835 2072.9353 1505.2312 901.0488 1839.7881 2215.8159 1146.8326 701.3879 2372.1213 3208.3945 1595.6920 1454.2795 2990.2649 857.3943 2363.0999 1589.0708 2648.7517 2781.9397 740.5194 892.1031 1925.7123 2394.4177 280.8452 2730.7761 1468.0031 1787.7024 1175.9601 911.0719 345.9509 1295.4729 1055.9285 1432.4388 1986.4353 577.6660 1690.4938 265.3470 337.7469 608.0477 1702.1663 899.9344 1691.7600 733.5101 1145.1262 1857.6008 2102.8850 1387.1427 1799.3160 1319.5730 2786.1062 1565.2687 1293.5645 1430.6477 1598.6626 2925.9072 2254.5479 1584.4091 2857.4368 1361.2571 1827.0331 1665.9786 936.0096 3100.9265 
685.1234 2870.7239 2003.5474 1723.1300 2218.6125 1973.6852 829.8247 0.0000 2433.0872 2542.6233 564.1312 2622.9773 883.3555 1563.9556 949.8684 1257.1925 788.6850 1889.2162 2686.1787 2229.0144 2680.3181 973.6118 364.0055 712.8990 2198.3987 2743.6255 672.2328 2772.6826 1216.5464 2867.2449 1284.5544 994.0382 1593.2106 325.1861 2604.4194 1030.0923 2612.5864 185.2242 1254.8964 1961.0431 847.3170 576.5223 1498.8772 1866.2628 1528.4744 285.7761 2556.7058 2992.9285 1037.0583 625.1400 2701.2080 86.0349 2097.0383 1242.8616 2581.1863 2913.4668 1283.2023 1061.2394 1803.1110 2059.2915 582.1280 2437.6482 1170.8091 1591.5468 1367.2736 88.1192 993.2799 1565.6785 760.1066 921.1406 1559.0081 1166.0570 1163.6151 575.5432 1024.0410 880.3619 1399.2616 1236.7235 919.9918 987.3004 319.2695 1996.1322 1985.0123 775.4869 1723.7764 1328.5759 2749.2014 802.1851 705.7620 754.9265 1245.8319 2761.7864 1848.8669 831.4716 2960.1790 1336.6174 1116.5487 1081.3861 1338.4890 2815.3635 
2586.1262 955.5904 505.9694 1064.9178 504.4571 469.5913 2461.0405 2433.0872 0.0000 202.5883 2937.1526 861.1487 2323.8438 1225.9805 1571.1375 1185.9747 3116.1304 559.0536 804.5154 275.0454 523.0545 3364.3699 2777.9331 2183.0593 309.5351 318.2766 2236.4548 838.6000 3314.8818 1123.3459 1655.8892 3144.8855 1294.1008 2488.1426 1096.0292 2924.2239 859.2677 2527.9685 1436.2291 492.3789 1936.1180 2980.0137 1113.6768 980.6121 1458.6929 2185.0916 632.0000 912.4845 3429.5715 2629.1277 937.1809 2354.5950 715.7213 1284.7419 208.7990 650.3076 1866.8201 3287.9331 642.2460 913.4484 2312.2981 830.7647 1300.7478 878.0023 1296.2322 2480.6296 2805.0801 1243.2096 1673.1362 3340.0217 1249.1937 1996.5195 1586.0243 2484.8970 2789.4805 1855.6427 1128.1073 1596.2312 2259.3530 1727.5431 2438.5327 686.5341 476.8700 1876.8177 709.6774 1157.0070 325.9509 2216.1899 3115.7107 3103.9307 1289.4844 592.6458 1131.2445 3059.9189 628.7838 1128.0837 3353.4475 3455.0144 1614.0266 995.3215 
2735.5813 1100.6384 688.0443 1255.8503 707.0453 622.5962 2508.3848 2542.6233 202.5883 0.0000 3061.1060 688.3669 2486.5920 1233.0945 1714.4308 1315.5782 3247.3289 653.6520 967.9736 314.6363 323.5429 3455.0457 2879.1375 2336.2144 347.0706 322.5182 2387.6768 645.8049 3368.8699 1281.7004 1672.5302 3291.6265 1289.3212 2618.3057 1279.6945 2970.2324 1035.0077 2647.7646 1605.0582 652.5710 2093.1042 3076.8721 1286.1050 1177.7139 1452.6971 2284.8582 460.0891 1027.4288 3553.6580 2774.2266 1105.6844 2466.7576 917.7086 1437.8123 328.1052 454.0418 1875.6665 3356.0051 788.7421 1115.6926 2379.2856 1022.2348 1440.1975 1029.2181 1332.8885 2595.0417 2848.7668 1248.1282 1786.4559 3457.3459 1434.7937 2015.0096 1754.3013 2552.6716 2830.0151 1910.6072 1286.3965 1623.0995 2424.1389 1778.5458 2568.9102 670.0784 643.1866 2025.7693 827.6135 1235.0259 333.9012 2374.7209 3234.7014 3232.5173 1443.8075 718.7941 1329.6616 3199.6128 448.1261 1214.6873 3495.8701 3582.5930 1625.8536 1152.1133 
589.8966 3275.0139 2479.9924 2118.4138 2671.2039 2469.9685 1255.0797 564.1312 2937.1526 3061.1060 0.0000 3179.4946 944.8264 2127.1194 1386.1725 1751.1793 231.4908 2408.7610 3100.3547 2750.6909 3218.5085 744.0134 429.1200 902.2023 2721.7356 3239.9297 840.9310 3325.5996 1269.7169 3244.1555 1842.8293 519.1724 2157.3215 459.1841 2968.7656 1267.4644 3014.7908 417.6123 1634.0554 2452.6284 1132.7074 482.1971 1923.8152 2263.0742 2091.0405 849.8470 3104.5232 3416.0066 492.6439 496.9547 3096.1377 619.4272 2524.0972 1686.8969 3070.2200 3448.7495 1824.3475 1043.5195 2297.1184 2453.9033 1071.2372 2838.7979 1642.5645 2070.9333 1929.0768 488.6686 1285.2926 2129.1841 1278.6908 420.3047 1931.8411 1694.2057 1510.4979 992.3679 1328.4156 1438.0463 1849.2877 1798.7710 1012.3719 1549.4651 508.0246 2543.7524 2473.8735 1123.7971 2234.4021 1872.0732 3244.5605 943.8861 199.8600 191.6716 1686.4984 3212.0505 2214.7869 339.8485 3489.0112 1873.9867 576.0946 525.0905 1897.8906 3208.9033 
2971.0771 1787.5016 1205.8424 1754.4518 1328.7001 1074.3394 2364.9019 2622.9773 861.1487 688.3669 3179.4946 0.0000 2790.0791 1083.4136 1974.0719 1563.5668 3390.3347 952.4915 1655.7397 729.9651 410.0988 3433.3125 2914.3799 2602.1846 727.7149 970.8084 2643.1899 181.0331 3217.2388 1970.0673 1486.4865 3500.2197 1087.5891 2776.7334 1957.1472 2803.1418 1718.5884 2763.6067 1977.0496 1114.8542 2386.4224 3089.0444 1697.2228 1717.5078 1218.6288 2341.0942 229.5583 1701.6865 3660.0354 2989.5635 1792.4690 2560.6140 1513.4398 1758.4440 1016.3188 550.1754 1643.0076 3254.3086 1181.4537 1708.2496 2311.2917 1689.1753 1709.3063 1391.6943 1263.3389 2691.9556 2678.0786 1087.8055 1926.9583 3538.5637 1895.0684 1803.4004 2114.8357 2478.6812 2649.2583 1832.3812 1641.7262 1477.6215 2739.2373 1698.7395 2730.1335 662.0891 1123.8666 2288.4165 1129.5632 1321.2600 982.2551 2662.9302 3328.2322 3365.0867 1768.7400 1402.6154 1872.1904 3379.7019 665.3435 1332.9561 3680.9792 3702.7224 1428.9258 1840.4722 
365.2629 2456.2454 1823.1909 1339.5895 1951.7656 1864.0649 1671.1200 883.3555 2323.8438 2486.5920 944.8264 2790.0791 0.0000 1900.2931 816.8702 1226.8505 1000.3484 1879.8492 2299.7002 2204.2231 2714.2300 1666.9028 1142.4609 228.7400 2183.0974 2591.8538 232.0086 2900.7759 2069.6995 2393.7686 1809.4919 882.0051 1967.9484 599.6541 2111.5137 1913.4171 2200.3948 767.8704 890.5998 1835.4240 403.8329 1319.4305 1214.6349 1475.5535 1975.4081 976.6191 2656.0923 2619.5623 1343.7206 453.0309 2270.1106 829.0289 1767.2241 1053.6584 2410.5869 2921.9941 1901.0957 1882.3607 1699.6500 1651.7705 1395.3995 2028.8026 1082.2037 1459.2909 1700.3070 828.6966 1873.9658 1911.4319 964.6414 1338.9193 1137.6735 1837.7649 741.4560 1439.4502 1902.5208 1470.9181 1200.3282 1726.2815 75.3260 1513.8445 580.4825 2128.6064 1847.9386 509.6165 1692.0721 1508.4446 2593.8394 136.0000 1139.4020 1018.9431 1046.2313 2465.3877 1389.0212 864.4871 2934.2463 1480.0476 1110.3044 1331.7887 1846.7323 2378.2878 
2002.7643 2058.9661 1085.2599 1343.8579 1348.2482 947.7764 1305.1177 1563.9556 1225.9805 1233.0945 2127.1194 1083.4136 1900.2931 0.0000 1120.7039 802.5085 2346.5347 736.1556 1869.6270 953.1558 1241.6191 2350.1194 1837.1056 1684.2067 917.8932 1528.9343 1711.4304 1248.7122 2167.4617 2166.2986 440.9410 2494.1589 96.7729 1756.3317 2010.2189 1759.1307 1863.4658 1718.2355 1283.4773 970.3221 1518.6840 2007.2531 1145.8621 1402.3708 242.7694 1278.5042 1068.4213 2081.6763 2597.0815 2003.4862 1962.2109 1509.3353 1394.7706 1040.8699 1430.1514 1476.9943 643.2706 2184.4771 875.0154 1516.3562 1229.2445 1737.8613 929.8909 894.0895 205.0610 1638.8728 1635.2719 21.0238 947.2534 2468.3398 1371.4536 782.8423 1376.4000 1398.2335 1612.3563 749.2089 1017.1775 405.2086 1866.5927 615.3284 1713.2782 564.7344 1000.9181 1394.8193 727.7156 435.6799 1538.6488 1764.8190 2263.8323 2316.5183 1054.7388 1769.6058 1518.1337 2357.2195 1554.6539 487.9969 2655.9763 2644.6218 392.7875 2058.2490 
1022.7825 1921.1315 1096.8646 775.6526 1286.2239 1101.6410 1382.9277 949.8684 1571.1375 1714.4308 1386.1725 1974.0719 816.8702 1120.7039 0.0000 413.8273 1550.9075 1081.5581 1737.6495 1416.7798 1917.2494 1923.4683 1313.8683 632.3962 1392.3854 1864.1086 678.8498 2088.4036 2078.2649 1919.3158 1139.1268 1577.2134 1199.3207 928.6420 1660.7109 1779.0166 1662.7622 996.8039 337.2907 1079.7870 414.7722 1526.3512 549.7390 917.5930 1240.0258 786.4973 1845.9753 2046.9395 1874.3372 1059.8348 1751.4066 864.0787 1150.4868 301.0067 1690.3704 2133.7642 1291.3938 1968.8242 929.6069 1110.3247 1121.3442 1487.7799 275.5068 693.9027 933.1972 972.2474 1692.2485 1134.6934 334.5923 1801.0024 626.3194 1287.1476 322.5678 1253.9937 1701.2965 920.5417 463.1555 1042.7296 769.7565 897.3138 879.1888 1312.2172 1098.3643 317.0647 895.3351 703.8636 1868.0067 688.8694 1575.0079 1542.5382 301.4250 1828.5388 912.5399 1488.8065 2156.8704 669.3549 1782.7510 1893.6383 1160.2987 1865.5729 
1432.6440 1673.6681 748.1824 642.6523 978.3583 719.8138 1472.1766 1257.1925 1185.9747 1315.5782 1751.1793 1563.5668 1226.8505 802.5085 413.8273 0.0000 1932.5240 672.1733 1480.7515 1011.3525 1505.8691 2212.0916 1611.6244 1046.1682 985.3020 1490.7783 1091.7775 1675.0671 2263.1716 1711.2574 962.5284 1982.4664 893.4993 1303.6997 1483.6738 1914.8182 1426.8234 1342.9598 482.1307 704.8695 823.0461 1819.4298 397.6581 752.4945 976.9693 1029.8063 1432.1927 1770.2485 2243.6284 1464.6409 1523.2295 1176.0209 895.9135 238.5498 1325.0604 1725.2767 1158.2837 2192.0913 547.6130 924.1753 1253.8365 1261.3365 146.9864 338.8923 652.4186 1299.2074 1810.5165 820.2890 501.9691 2155.3071 601.8181 1206.4369 587.8886 1414.1898 1808.6871 899.4676 251.9563 863.8808 1175.7432 818.4235 1254.1874 902.9978 728.1545 730.8194 488.9683 367.9198 1495.8356 1101.2402 1930.5111 1918.9697 252.3529 1516.6044 817.9059 1884.9828 1753.0719 314.6824 2182.4780 2269.7720 963.3203 1635.3755 
635.6493 3405.5073 2647.7314 2254.5769 2826.8855 2647.0823 1479.8828 788.6850 3116.1304 3247.3289 231.4908 3390.3347 1000.3484 2346.5347 1550.9075 1932.5240 0.0000 2597.7395 3236.2256 2939.5601 3415.9106 822.0024 648.0154 1009.0139 2911.6003 3413.9392 947.1879 3533.2224 1415.2756 3362.7109 2071.3223 339.7057 2379.5547 629.0262 3083.6934 1460.7457 3145.8645 628.7161 1772.0026 2627.5940 1255.0100 656.2271 2074.5903 2398.1421 2317.1572 1073.2026 3308.5437 3554.2966 344.6534 553.4835 3223.5027 837.3303 2669.5261 1848.7415 3241.1482 3643.9404 2055.5583 1177.9750 2474.1343 2586.0713 1302.1387 2970.5859 1816.0358 2242.9553 2146.7148 708.9944 1489.1987 2349.2793 1475.8353 358.4243 2061.6755 1925.6949 1639.4950 1218.9644 1533.8175 1666.5585 2011.2247 2025.3180 1073.5945 1775.8947 678.4283 2748.5864 2647.4324 1267.6167 2419.7224 2076.3010 3418.0732 1029.8470 243.6473 55.0091 1847.0293 3363.8074 2337.7239 185.3996 3680.2004 2074.7939 347.2477 346.0000 2125.9551 3334.9844 
2103.7158 1322.8824 370.7937 822.8688 619.8871 219.1461 1908.5819 1889.2162 559.0536 653.6520 2408.7610 952.4915 1879.8492 736.1556 1081.5581 672.1733 2597.7395 0.0000 1134.2389 341.9898 836.1393 2809.0786 2227.8550 1712.1779 314.0143 877.2417 1760.1980 1034.7604 2758.6021 1435.1394 1136.3318 2654.6340 820.9811 1968.9185 1298.8784 2371.5251 1133.2440 1994.6493 1031.7756 250.0000 1478.3463 2427.4539 744.7315 816.4294 978.8361 1633.7644 785.5985 1349.7159 2901.1399 2136.7961 1230.9724 1813.1299 706.7814 828.0489 740.2162 1053.1329 1353.1393 2728.9824 237.5479 867.8900 1753.7050 1019.4258 806.2407 440.7097 761.7119 1941.3966 2253.7571 756.0721 1132.8866 2803.7622 946.3551 1469.6017 1174.2478 1926.1329 2239.9380 1301.3043 696.5092 1065.9086 1822.7477 1175.7839 1919.7190 365.9973 277.5968 1397.6959 187.7791 598.0836 884.6722 1760.1117 2581.2979 2581.7095 836.6439 1043.1155 963.8823 2555.8289 1082.7788 569.5507 2854.0171 2931.1667 1101.6174 1324.2062 
2630.0696 195.2742 798.3145 982.4261 530.8352 922.8721 2937.1016 2686.1787 804.5154 967.9736 3100.3547 1655.7397 2299.7002 1869.6270 1737.6495 1480.7515 3236.2256 1134.2389 0.0000 1029.0739 1277.1566 3658.9053 3049.7961 2231.0225 1054.4956 740.6248 2292.0962 1605.2443 3743.7854 319.7077 2251.1980 3179.2107 1955.2197 2642.4143 362.4321 3388.9553 118.4061 2730.0183 1466.6741 903.9657 1981.6060 3261.9150 1187.9111 838.2631 2112.3943 2493.2949 1426.5753 319.9016 3574.6555 2696.0186 141.5662 2600.7280 590.8925 1443.8175 641.9548 1308.1243 2469.4429 3669.4851 1028.5276 651.0276 2732.5725 271.7517 1528.6707 1151.1425 1871.0225 2709.7368 3280.4592 1889.7527 1967.8033 3520.2512 1175.0957 2570.6204 1596.7830 2894.6685 3274.8362 2338.9187 1291.2524 2171.1409 2225.7019 2230.7278 2594.5969 1416.3121 872.7944 1976.5829 1170.6429 1639.7909 731.8203 2227.8594 3295.7209 3237.7329 1440.4586 307.0440 910.7607 3137.2302 1227.7753 1589.6295 3405.0293 3582.0105 2222.5105 194.9872 
2439.5518 1196.7360 479.1294 1042.3531 612.0073 363.7609 2205.2722 2229.0144 275.0454 314.6363 2750.6909 729.9651 2204.2231 953.1558 1416.7798 1011.3525 2939.5601 341.9898 1029.0739 0.0000 514.9951 3140.6726 2564.6062 2044.3214 35.4683 577.7006 2093.9160 765.3104 3063.4072 1347.8546 1386.2125 2992.6992 1019.6318 2310.6685 1278.0493 2668.0376 1063.6489 2336.3486 1335.9551 401.8072 1805.8231 2762.2363 1027.3276 992.5895 1184.2639 1970.3312 521.1238 1174.2751 3243.0254 2474.8464 1151.4209 2153.6418 785.0535 1150.7581 483.0455 718.3662 1595.3435 3045.7017 508.6944 978.6327 2068.8247 998.4388 1141.3611 746.4275 1033.3035 2282.3115 2547.6021 970.0082 1474.2079 3144.8887 1201.3962 1727.8484 1483.0054 2242.0984 2530.4019 1603.7083 1007.0015 1329.8932 2144.4651 1473.0461 2261.4280 412.6221 404.4268 1731.2472 522.5515 921.0782 587.0077 2088.0020 2922.7358 2923.6731 1157.9983 853.8226 1147.7509 2896.2019 741.7581 900.0761 3193.8267 3273.1565 1342.9653 1223.8010 
2938.5005 1395.1864 971.5189 1543.0049 1025.1542 875.4164 2546.0955 2680.3181 523.0545 323.5429 3218.5085 410.0988 2714.2300 1241.6191 1917.2494 1505.8691 3415.9106 836.1393 1277.1566 514.9951 0.0000 3554.4656 3000.0674 2548.2954 532.6030 565.8922 2596.0586 328.0975 3408.8877 1584.7031 1678.0897 3486.8589 1275.9314 2789.3572 1599.1254 3000.6606 1351.0281 2801.3391 1850.6658 911.5596 2313.7642 3189.0779 1541.9708 1477.4471 1429.8940 2409.6765 217.5546 1298.0486 3708.5276 2969.4014 1417.0004 2609.5288 1231.1949 1660.7758 636.1769 237.3563 1863.3048 3419.0012 1023.4540 1429.7727 2450.2083 1345.0605 1642.1611 1259.8008 1382.5223 2740.2178 2876.6550 1252.3546 1940.7332 3601.2339 1710.7510 2014.8767 1997.3245 2622.6143 2853.0330 1970.5847 1520.4026 1646.3790 2655.7578 1835.3934 2740.7334 698.1697 909.7236 2233.6860 1023.5038 1351.9072 577.1049 2595.7388 3382.6653 3396.7297 1668.6053 1007.6334 1631.5317 3383.0332 317.0568 1345.2007 3682.6409 3743.2939 1625.2262 1455.0138 
1326.7019 3844.0750 2960.0896 2696.2317 3184.3333 2917.0083 1138.2798 973.6118 3364.3699 3455.0457 744.0134 3433.3125 1666.9028 2350.1194 1923.4683 2212.0916 822.0024 2809.0786 3658.9053 3140.6726 3554.4656 0.0000 609.6064 1580.6533 3107.9790 3679.9773 1523.8271 3598.2085 658.3684 3840.1143 1966.9469 1156.2284 2349.8901 1098.7603 3575.5427 875.3571 3586.1211 962.4240 2224.2349 2908.2012 1776.3114 397.1322 2472.2090 2839.6213 2238.3892 1183.6976 3405.4463 3964.0835 677.2134 1233.4019 3674.8176 1059.4801 3069.0706 2215.1138 3524.9763 3791.4517 1865.8018 417.5799 2750.2046 3032.6980 1123.4238 3411.2439 2137.3372 2550.2527 2180.0964 959.5525 961.0520 2345.5107 1710.1327 522.3983 2528.8135 1706.5946 2124.0339 961.3376 1008.5574 1600.9513 2369.7505 1959.9646 1728.8103 1734.9727 1136.1782 2856.7871 2933.9165 1729.3617 2657.0369 2220.3354 3686.3875 1642.3267 586.9412 771.9909 2218.4736 3726.2969 2818.5381 1005.6247 3850.9868 2241.0984 1073.8124 758.5170 2026.0802 3788.9714 
854.2798 3234.6184 2359.5767 2086.8821 2579.0002 2323.4958 833.0720 364.0055 2777.9331 2879.1375 429.1200 2914.3799 1142.4609 1837.1056 1313.8683 1611.6244 648.0154 2227.8550 3049.7961 2564.6062 3000.0674 609.6064 0.0000 1015.0000 2532.9739 3091.0647 963.8449 3071.2976 931.1740 3230.9121 1502.7242 946.6848 1852.6792 543.6414 2967.2886 853.9848 2976.5598 381.8481 1616.6833 2312.6370 1186.2318 212.5512 1862.7488 2230.1428 1764.8325 594.2794 2864.8464 3355.8638 789.1071 768.9603 3065.2122 449.8911 2460.3191 1606.1771 2931.8120 3235.4116 1452.9652 740.6949 2154.4858 2423.1965 679.9802 2801.6475 1531.1414 1948.2867 1651.0411 356.6020 861.1069 1835.8239 1110.5684 641.2488 1921.1210 1311.0259 1520.6907 575.5432 902.9728 1105.4126 1761.7131 1473.9012 1193.8112 1230.5129 569.5902 2307.5190 2337.4504 1128.1312 2068.4065 1651.2765 3097.0161 1090.5049 467.5468 597.9247 1609.3468 3121.7566 2210.9746 767.2972 3287.8201 1665.7568 994.6763 851.5257 1560.4656 3179.3667 
406.9754 2397.8076 1691.2886 1252.3905 1844.1521 1716.6385 1465.6343 712.8990 2183.0593 2336.2144 902.2023 2602.1846 228.7400 1684.2067 632.3962 1046.1682 1009.0139 1712.1779 2231.0225 2044.3214 2548.2954 1580.6533 1015.0000 0.0000 2021.0670 2463.5618 61.9839 2719.7856 1924.2894 2353.9028 1581.6021 967.2936 1749.1212 482.1214 2075.4460 1736.0833 2138.5728 633.2401 776.4084 1691.0189 253.0237 1209.1373 1092.9081 1394.4647 1751.5448 765.4756 2478.1001 2550.0383 1351.5640 465.4299 2215.0847 646.8825 1673.9550 899.0050 2284.8582 2762.4453 1672.4452 1752.7589 1547.6188 1580.0811 1186.9027 1963.7704 906.3713 1307.5610 1482.4581 673.7656 1687.6167 1694.6014 742.1301 1317.7803 1056.0118 1610.5135 636.2586 1244.4778 1713.2849 1242.5948 1055.2241 1499.1764 228.5607 1285.2303 447.7700 1940.1466 1706.3555 315.3490 1525.1132 1303.6215 2466.4031 101.1237 1102.0549 1015.4944 893.7573 2372.4141 1328.9973 907.2706 2781.5725 1279.3440 1185.1523 1353.4774 1619.4500 2326.2883 
2415.1226 1224.2242 478.2353 1035.8542 625.7196 354.4573 2170.2026 2198.3987 309.5351 347.0706 2721.7356 727.7149 2183.0974 917.8932 1392.3854 985.3020 2911.6003 314.0143 1054.4956 35.4683 532.6030 3107.9790 2532.9739 2021.0670 0.0000 613.1688 2070.1772 771.4208 3028.5498 1372.6945 1350.7646 2967.3943 984.7380 2282.8416 1297.1492 2632.9248 1086.2711 2306.9888 1318.4119 393.6864 1783.8007 2730.1401 1012.5809 990.8400 1149.3585 1938.7307 524.6904 1205.1224 3213.9385 2449.5217 1175.1561 2123.3757 792.1420 1129.4397 517.0348 741.4850 1559.9785 3011.4800 491.6299 983.8089 2034.6051 1016.5284 1116.8818 727.2001 997.9669 2252.2700 2512.4270 934.7994 1444.5653 3114.9402 1190.9580 1692.3859 1464.7993 2207.9077 2495.1516 1568.9341 987.8107 1294.4381 2123.9529 1438.1200 2233.6648 379.7328 399.0050 1707.4873 497.2263 888.0005 622.4725 2065.9551 2893.0566 2895.3247 1136.9758 884.8825 1145.8281 2869.6516 768.7685 867.8738 3167.6340 3244.5525 1307.5695 1249.3955 
2869.2405 836.9092 772.2959 1287.6125 671.4172 771.0045 2777.7437 2743.6255 318.2766 322.5182 3239.9297 970.8084 2591.8538 1528.9343 1864.1086 1490.7783 3413.9392 877.2417 740.6248 577.7006 565.8922 3679.9773 3091.0647 2463.5618 613.1688 0.0000 2518.8430 888.2759 3632.6125 1033.2560 1963.7151 3429.4817 1591.7063 2787.7463 1087.9209 3240.8816 831.3633 2833.6733 1701.2754 787.3049 2213.3677 3294.2808 1377.3481 1180.3813 1756.1335 2499.2048 752.6301 732.1694 3731.6855 2916.4431 882.1655 2664.1699 886.7632 1570.9087 183.0874 567.5068 2171.9099 3606.1885 943.3154 1069.5195 2630.5698 868.9500 1598.4708 1170.9843 1609.5994 2789.0371 3121.3167 1545.2540 1983.5739 3646.0271 1483.6526 2305.4966 1850.4705 2803.1733 3105.1274 2173.0684 1410.5099 1907.4219 2524.7383 2044.3779 2738.0974 974.3434 766.5931 2163.0454 1023.2155 1475.2589 11.6619 2490.2292 3421.0671 3403.5554 1574.3271 450.0011 1319.2006 3351.1890 491.1385 1445.9104 3641.8196 3754.8801 1919.9214 904.7569 
350.4069 2459.2815 1746.5603 1312.8778 1902.4271 1769.2037 1442.3071 672.2328 2236.4548 2387.6768 840.9310 2643.1899 232.0086 1711.4304 678.8498 1091.7775 947.1879 1760.1980 2292.0962 2093.9160 2596.0586 1523.8271 963.8449 61.9839 2070.1772 2518.8430 0.0000 2763.1055 1878.4004 2415.8254 1593.5472 910.8375 1773.9766 426.5220 2137.4158 1699.7026 2199.9666 582.1039 835.5334 1744.1826 312.2579 1155.2632 1150.4269 1455.2147 1770.9899 745.5233 2522.5103 2611.0017 1289.6235 405.1876 2276.6997 610.4498 1733.6761 951.7815 2340.6086 2811.6619 1676.8497 1703.1412 1599.4756 1641.2220 1165.3669 2025.0758 953.9586 1359.8625 1508.5172 627.9697 1654.7556 1721.2205 765.5880 1256.0530 1117.0161 1609.2582 696.6039 1215.1942 1681.6864 1245.1779 1109.3385 1513.3658 251.0976 1294.0220 394.6898 1981.4583 1760.0128 362.6913 1573.5742 1338.6699 2521.8108 130.0000 1040.7579 953.5182 946.9889 2431.8315 1390.6804 847.0573 2832.3159 1316.5276 1126.9872 1291.7991 1633.0830 2387.9751 
3096.3853 1721.7389 1243.2960 1807.0972 1331.4823 1125.8215 2538.4993 2772.6826 838.6000 645.8049 3325.5996 181.0331 2900.7759 1248.7122 2088.4036 1675.0671 3533.2224 1034.7604 1605.2443 765.3104 328.0975 3598.2085 3071.2976 2719.7856 771.4208 888.2759 2763.1055 0.0000 3392.9910 1912.4236 1659.7159 3632.2854 1258.4248 2914.9958 1925.0896 2979.2961 1678.2982 2908.6294 2066.5188 1165.0979 2497.0674 3249.3237 1773.6951 1756.4060 1393.6331 2492.8628 249.8039 1618.6321 3809.1858 3118.7256 1745.0140 2708.0667 1529.3767 1857.3875 964.0254 399.0614 1820.2992 3426.4480 1251.7388 1727.2666 2477.9475 1667.3632 1818.6603 1474.8647 1421.9114 2839.5369 2854.2529 1254.3716 2062.8516 3691.0276 1960.5380 1980.0000 2208.3137 2646.5391 2826.0002 1997.7037 1731.1106 1647.1854 2847.1560 1863.2994 2867.7246 787.4218 1169.4498 2404.7539 1219.1046 1457.9181 899.1696 2776.2600 3478.4377 3509.5476 1866.8530 1333.9194 1911.5669 3516.4370 517.2205 1464.4197 3817.6543 3849.9258 1602.6428 1782.7778 
1783.0549 3936.8384 2982.6533 2840.3726 3232.7834 2907.4128 863.1953 1216.5464 3314.8818 3368.8699 1269.7169 3217.2388 2069.6995 2167.4617 2078.2649 2263.1716 1415.2756 2758.6021 3743.7854 3063.4072 3408.8877 658.3684 931.1740 1924.2894 3028.5498 3632.6125 1878.4004 3392.9910 0.0000 3967.2107 1736.2422 1754.6147 2140.4731 1470.2017 3723.6663 414.9325 3688.6719 1302.1663 2410.5186 2907.7869 2059.9507 790.8862 2595.1897 2975.4695 1999.4001 1293.5366 3232.8381 4028.2903 1330.3702 1695.3657 3784.0151 1292.5127 3158.0889 2334.3735 3498.0208 3644.4558 1576.2008 243.7417 2755.7029 3163.1001 1014.2997 3520.4727 2228.7649 2594.6980 2037.8861 1250.6998 539.7963 2157.3401 1789.7914 1167.8823 2704.4573 1414.3790 2344.5054 849.1672 572.0533 1459.9095 2469.3035 1762.5095 2117.3347 1590.5599 1490.5918 2720.7017 2936.8215 1975.1519 2637.5117 2162.9131 3640.6606 2007.6434 1171.8810 1360.9089 2341.4219 3757.5479 2988.5869 1586.4457 3720.5747 2199.3765 1708.1171 1412.0939 1792.0280 3896.9055 
2740.5010 206.5260 1083.2511 1144.1626 818.0740 1219.1185 3181.6113 2867.2449 1123.3459 1281.7004 3244.1555 1970.0673 2393.7686 2166.2986 1919.3158 1711.2574 3362.7109 1435.1394 319.7077 1347.8546 1584.7031 3840.1143 3230.9121 2353.9028 1372.6945 1033.2560 2415.8254 1912.4236 3967.2107 0.0000 2533.5754 3275.2095 2254.3037 2791.6277 283.2137 3625.9946 302.9472 2893.5515 1619.4122 1196.0455 2112.5325 3443.4309 1377.4070 1001.7595 2408.6272 2695.3296 1741.4850 392.4513 3705.4360 2813.2993 204.2009 2781.2273 819.4297 1639.0057 953.8894 1597.1456 2751.3599 3878.7332 1306.7953 809.4554 2963.6929 451.0698 1738.7665 1397.1292 2154.0149 2882.5867 3521.5276 2186.7463 2178.9441 3664.1147 1315.9989 2844.7432 1734.3048 3120.6079 3518.8374 2592.9690 1498.1655 2449.8359 2318.5586 2491.5081 2745.4719 1730.5343 1165.3862 2126.5156 1452.8992 1908.3472 1023.4109 2337.6331 3442.4487 3369.0813 1633.4528 583.4938 1029.6427 3249.8225 1508.2655 1855.0938 3503.9875 3706.2183 2508.1379 129.7575 
1831.6075 2444.4026 1453.6113 1589.4153 1721.3164 1332.6309 878.7861 1284.5544 1655.8892 1672.5302 1842.8293 1486.4865 1809.4919 440.9410 1139.1268 962.5284 2071.3223 1136.3318 2251.1980 1386.2125 1678.0897 1966.9469 1502.7242 1581.6021 1350.7646 1963.7151 1593.5472 1659.7159 1736.2422 2533.5754 0.0000 2265.2612 404.3167 1533.2743 2351.1428 1324.7981 2231.6936 1458.3566 1394.7806 1348.1403 1475.2064 1650.7773 1356.0770 1677.5319 271.9007 1005.9443 1497.1389 2484.5339 2285.8420 1812.7769 2331.4211 1248.1066 1731.2429 1175.8134 1856.5586 1911.9144 218.2476 1767.9991 1226.8402 1821.2877 847.1700 2091.3098 1044.8550 1174.8723 380.1960 1368.2737 1200.2220 427.7908 860.5684 2143.7397 1564.1362 342.4865 1446.6790 1005.6490 1175.3485 404.7975 1212.0416 99.4636 1792.4578 307.0277 1497.2097 1005.4890 1379.3802 1340.4313 1081.5938 643.2123 1973.1449 1675.1086 1954.5895 2034.4930 1189.4037 2179.4255 1767.4425 2111.4529 1992.7117 702.2493 2400.7700 2341.5149 59.1354 2433.5586 
560.5087 3337.7478 2657.2500 2210.1929 2810.3513 2676.4187 1761.3702 994.0382 3144.8855 3291.6265 519.1724 3500.2197 882.0051 2494.1589 1577.2134 1982.4664 339.7057 2654.6340 3179.2107 2992.6992 3486.8589 1156.2284 946.6848 967.2936 2967.3943 3429.4817 910.8375 3632.2854 1754.6147 3275.2095 2265.2612 0.0000 2538.2136 738.9357 2992.6711 1784.6439 3081.2737 811.6772 1741.7408 2652.5193 1219.6926 987.0046 2060.1013 2349.4307 2494.7405 1260.7062 3398.3337 3499.1035 574.3118 517.8726 3151.8689 1018.7217 2635.5679 1860.5034 3251.4294 3707.7402 2276.5940 1517.6709 2505.4375 2529.5662 1555.4373 2908.9133 1851.9401 2267.1084 2290.0020 906.4993 1804.4559 2499.5049 1573.9917 660.3666 2010.0870 2159.5503 1597.9587 1496.3829 1847.5725 1865.3077 2019.3853 2208.0356 957.0084 1961.0452 780.9514 2845.0012 2669.1140 1268.0773 2470.2837 2179.1011 3432.5159 953.9628 583.3455 393.7537 1856.2848 3334.7922 2269.2283 179.4464 3733.6614 2168.4304 229.8369 527.2760 2316.5632 3260.2454 
2057.0876 2143.4067 1175.2386 1440.5836 1436.6050 1035.1932 1281.6244 1593.2106 1294.1008 1289.3212 2157.3215 1087.5891 1967.9484 96.7729 1199.3207 893.4993 2379.5547 820.9811 1955.2197 1019.6318 1275.9314 2349.8901 1852.6792 1749.1212 984.7380 1591.7063 1773.9766 1258.4248 2140.4731 2254.3037 404.3167 2538.2136 0.0000 1799.3494 2102.1572 1729.0905 1951.6906 1752.9095 1373.1151 1059.0798 1591.6790 2016.2703 1241.5253 1498.9573 164.6390 1307.4755 1092.8756 2161.2305 2621.1162 2054.0691 2050.1230 1542.6062 1488.0356 1131.3820 1500.1980 1508.7588 590.1051 2168.0603 968.0873 1611.7993 1226.5272 1828.5713 1017.8104 990.8446 268.3375 1670.6421 1604.4703 76.2955 1008.3938 2488.3096 1466.7631 738.9946 1462.5458 1392.1818 1579.1960 752.3969 1111.7936 390.4933 1936.6572 622.6926 1757.5634 619.3803 1089.4154 1465.5306 821.2509 525.6786 1601.7131 1832.1237 2287.7805 2347.7688 1145.3038 1847.1708 1614.9047 2397.2285 1591.5439 579.8293 2694.4329 2670.9856 349.7556 2144.8840 
360.0056 2818.2551 2024.4308 1661.1035 2212.4783 2019.5012 1154.8875 325.1861 2488.1426 2618.3057 459.1841 2776.7334 599.6541 1756.3317 928.6420 1303.6997 629.0262 1968.9185 2642.4143 2310.6685 2789.3572 1098.7603 543.6414 482.1214 2282.8416 2787.7463 426.5220 2914.9958 1470.2017 2791.6277 1533.2743 738.9357 1799.3494 0.0000 2518.2766 1333.2982 2558.0339 170.6986 1177.0510 2000.7568 687.7587 729.3203 1464.6313 1805.8851 1757.1909 539.9426 2686.7239 2957.5391 945.7378 302.9620 2640.4282 309.9677 2065.0396 1228.8828 2616.3333 3016.3489 1561.2335 1284.2776 1846.5159 1997.3125 902.1225 2381.9700 1189.2754 1617.1658 1552.6561 248.8152 1307.1147 1761.3191 852.5585 878.0399 1476.8900 1457.9304 1057.4431 900.1089 1340.3619 1138.8174 1391.4183 1472.3346 650.1946 1227.2327 49.6488 2128.3538 2021.1730 666.6948 1790.6974 1457.1671 2792.0940 549.7063 653.3192 615.9026 1228.1877 2753.0046 1762.0229 603.6796 3051.5325 1452.1887 904.6707 967.1783 1583.0303 2753.5261 
2459.6392 402.8511 930.4219 886.0530 686.1348 1079.8241 2955.3179 2604.4194 1096.0292 1279.6945 2968.7656 1957.1472 2111.5137 2010.2189 1660.7109 1483.6738 3083.6934 1298.8784 362.4321 1278.0493 1599.1254 3575.5427 2967.2886 2075.4460 1297.1492 1087.9209 2137.4158 1925.0896 3723.6663 283.2137 2351.1428 2992.6711 2102.1572 2518.2766 0.0000 3392.5515 257.1634 2624.2532 1351.5627 1050.0691 1836.2377 3179.5774 1128.4768 748.2887 2249.6064 2442.7495 1728.0186 603.5263 3426.9182 2533.3064 236.3810 2518.4004 620.1814 1389.5503 966.0958 1652.6403 2566.9424 3627.0374 1136.0282 561.9288 2727.9182 282.7189 1496.8317 1187.9697 1975.5126 2616.5420 3291.4377 2031.0869 1933.9600 3388.3071 1047.0325 2649.6208 1461.0685 2880.7292 3291.0984 2377.6733 1257.3822 2262.9365 2036.2643 2283.4370 2472.6621 1626.5057 1021.4642 1855.0938 1283.8668 1713.9034 1080.0463 2057.1228 3167.5386 3090.9263 1382.8846 668.6442 757.9354 2968.8569 1578.6554 1657.7904 3221.5837 3426.5955 2330.6089 303.2507 
1681.0497 3583.4065 2613.9204 2518.0876 2869.8933 2529.8809 463.1857 1030.0923 2924.2239 2970.2324 1267.4644 2803.1418 1913.4171 1759.1307 1779.0166 1914.8182 1460.7457 2371.5251 3388.9553 2668.0376 3000.6606 875.3571 853.9848 1736.0833 2632.9248 3240.8816 1699.7026 2979.2961 414.9325 3625.9946 1324.7981 1784.6439 1729.0905 1333.2982 3392.5515 0.0000 3340.4780 1163.8772 2116.1145 2532.8845 1828.8992 806.4391 2268.3423 2647.6763 1586.0000 1020.9260 2821.9363 3664.8052 1473.3933 1603.4495 3437.4998 1089.5448 2809.8867 2011.6036 3111.7307 3235.5378 1161.4241 516.4426 2384.1404 2830.6355 665.2977 3176.1274 1897.0134 2237.9119 1637.3762 1088.7888 125.0640 1748.3367 1467.7343 1302.7087 2398.4429 999.8825 2068.8379 526.1559 158.9277 1070.4415 2135.3635 1355.2052 1949.1600 1196.6954 1340.5002 2316.2388 2562.6111 1726.6041 2259.9170 1780.9941 3249.2605 1829.1191 1232.7084 1406.2788 2020.0557 3385.5247 2675.1704 1606.2693 3313.6099 1821.3490 1791.6342 1552.6036 1379.9061 3549.1118 
2535.0017 260.2307 780.3858 897.1494 515.2184 916.6008 2892.4365 2612.5864 859.2677 1035.0077 3014.7908 1718.5884 2200.3948 1863.4658 1662.7622 1426.8234 3145.8645 1133.2440 118.4061 1063.6489 1351.0281 3586.1211 2976.5598 2138.5728 1086.2711 831.3633 2199.9666 1678.2982 3688.6719 302.9472 2231.6936 3081.2737 1951.6906 2558.0339 257.1634 3340.4780 0.0000 2650.3201 1380.9943 893.1663 1890.8755 3188.9888 1114.1620 752.3118 2105.7432 2427.7471 1489.0336 424.0106 3485.7070 2602.7385 99.7647 2526.8340 530.9105 1373.4122 715.4370 1397.0558 2449.6155 3607.8982 1004.8707 560.8966 2680.6531 176.0824 1464.9540 1104.9674 1851.9138 2633.2080 3234.0786 1883.9344 1905.4916 3435.0203 1084.4952 2544.7446 1506.9465 2840.2920 3230.0593 2299.4385 1225.3396 2148.6240 2126.0190 2195.4138 2510.6733 1435.7297 862.5508 1891.4048 1150.5411 1609.3011 823.3401 2132.0847 3211.1912 3148.7029 1369.1447 415.0952 812.2715 3043.1899 1321.8003 1556.8976 3307.9307 3491.2834 2205.7610 208.6337 
521.0701 2910.0632 2080.0793 1754.1166 2281.7017 2062.7654 1004.8408 185.2242 2527.9685 2647.7646 417.6123 2763.6067 767.8704 1718.2355 996.8039 1342.9598 628.7161 1994.6493 2730.0183 2336.3486 2801.3391 962.4240 381.8481 633.2401 2306.9888 2833.6733 582.1039 2908.6294 1302.1663 2893.5515 1458.3566 811.6772 1752.9095 170.6986 2624.2532 1163.8772 2650.3201 0.0000 1274.1464 2047.0178 814.1364 578.9525 1544.0081 1898.7535 1696.2223 452.5483 2686.9702 3041.8569 907.5825 452.0044 2735.6267 211.1918 2145.9268 1297.0570 2666.4363 3032.0002 1464.9683 1121.2800 1890.3717 2091.5432 765.1385 2474.3979 1241.4387 1668.8239 1518.0491 97.3088 1140.6002 1721.2510 862.6993 812.3546 1577.8751 1350.2462 1165.8765 744.8879 1174.9451 1055.9285 1457.9304 1406.0758 815.5005 1157.2079 188.8306 2126.2371 2069.2727 770.4803 1822.3877 1454.4724 2838.6455 709.3046 587.7482 601.5065 1298.0928 2824.6494 1866.3250 653.1837 3073.4189 1456.5500 944.2272 942.6982 1511.0913 2849.3823 
1182.6888 1641.2206 933.3129 484.3842 1068.6464 983.7612 1718.3835 1254.8964 1436.2291 1605.0582 1634.0554 1977.0496 890.5998 1283.4773 337.2907 482.1307 1772.0026 1031.7756 1466.6741 1335.9551 1850.6658 2224.2349 1616.6833 776.4084 1318.4119 1701.2754 835.5334 2066.5188 2410.5186 1619.4122 1394.7806 1741.7408 1373.1151 1177.0510 1351.5627 2116.1145 1380.9943 1274.1464 0.0000 952.5151 523.4358 1828.7113 324.0771 629.0199 1446.5812 1117.0358 1817.3436 1783.4265 2108.6738 1240.5181 1463.7384 1169.0273 898.7463 244.0082 1520.1661 2048.1626 1569.2155 2293.7083 827.2666 820.2744 1458.4828 1204.9398 358.1131 592.9874 1123.6031 1265.0099 2029.5073 1300.8505 664.2146 2054.1863 304.5866 1585.0110 149.8166 1590.8064 2038.3290 1230.9866 335.6725 1295.5308 824.1566 1188.8368 1129.7928 1333.2445 962.6822 510.4165 848.5588 847.8708 1703.3080 791.8080 1830.2035 1771.9495 230.4951 1596.3436 594.3366 1682.1564 2053.1519 796.4453 1961.3893 2118.0022 1405.8350 1577.0800 
2093.7717 1096.4497 120.8139 642.2935 377.9735 40.8044 2072.9353 1961.0431 492.3789 652.5710 2452.6284 1114.8542 1835.4240 970.3221 1079.7870 704.8695 2627.5940 250.0000 903.9657 401.8072 911.5596 2908.2012 2312.6370 1691.0189 393.6864 787.3049 1744.1826 1165.0979 2907.7869 1196.0455 1348.1403 2652.5193 1059.0798 2000.7568 1050.0691 2532.8845 893.1663 2047.0178 952.5151 0.0000 1444.9055 2518.4709 635.0000 605.0231 1212.5824 1724.6107 918.0615 1143.4496 2944.3979 2136.9067 992.0308 1880.4691 458.9117 792.4172 620.2612 1097.8492 1566.3569 2860.4729 158.1550 629.0127 1894.5894 772.0059 811.6083 385.9961 968.2278 2004.0671 2418.8147 990.8184 1202.3260 2859.3066 800.0400 1671.8053 1101.7305 2063.9863 2408.7112 1466.1040 636.7299 1270.0886 1772.2531 1348.8721 1951.1097 602.0980 31.2410 1384.4457 274.6507 754.9225 791.9628 1725.6410 2634.1621 2616.6367 797.2961 853.0006 758.7206 2568.5103 1100.6917 711.6966 2861.4487 2967.9343 1318.6466 1089.6136 
659.7575 2150.5930 1441.3729 1001.1998 1591.1882 1471.7380 1505.2312 847.3170 1936.1180 2093.1042 1132.7074 2386.4224 403.8329 1518.6840 414.7722 823.0461 1255.0100 1478.3463 1981.6060 1805.8231 2313.7642 1776.3114 1186.2318 253.0237 1783.8007 2213.3677 312.2579 2497.0674 2059.9507 2112.5325 1475.2064 1219.6926 1591.6790 687.7587 1836.2377 1828.8992 1890.8755 814.1364 523.4358 1444.9055 0.0000 1391.2296 840.4600 1144.0039 1614.2478 814.1364 2252.6626 2300.1360 1595.2579 717.4301 1969.0914 768.0755 1421.4191 655.7263 2034.0551 2524.1404 1594.5564 1908.1732 1304.5248 1331.1367 1224.9674 1715.5771 678.4246 1063.9347 1323.3824 830.8219 1765.2549 1531.1895 614.6381 1552.0702 806.7168 1556.2343 385.0013 1313.8097 1785.0428 1180.0343 808.1912 1385.2311 355.0282 1196.6520 644.9380 1725.1533 1459.2518 135.6245 1290.6173 1113.8851 2216.0291 282.1790 1331.8206 1258.3243 649.3543 2119.6250 1084.3380 1159.2692 2539.7468 1082.3124 1438.1644 1600.5756 1505.9565 2080.9829 
